1 -1.5555555555555554
2 -1.6527777777777777
1723 -1.5099833843670092
1722 -1.397625907330962
1721 -1.5099833843670092
10 -1.6527777777777777
11 -1.75
3 -1.7222222222222223
1724 -1.5893721055012215
12 -1.8194444444444444
4 -1.7638888888888888
1725 -1.6369217026563803
13 -1.8611111111111112
5 -1.7777777777777777
1726 -1.6527777777777777
14 -1.875
6 -1.7638888888888888
1727 -1.6369217026563803
15 -1.8611111111111112
7 -1.7222222222222223
1728 -1.5893721055012215
16 -1.8194444444444444
8 -1.6527777777777777
1729 -1.5099833843670092
17 -1.75
9 -1.5555555555555554
1730 -1.3976259073309623
18 -1.6527777777777777
1731 -1.5099833843670092
1720 -1.5893721055012215
19 -1.7222222222222223
20 -1.8194444444444444
21 -1.8888888888888888
22 -1.9305555555555556
23 -1.9444444444444444
24 -1.9305555555555556
25 -1.8888888888888888
26 -1.8194444444444444
27 -1.7222222222222223
1732 -1.5893721055012215
1719 -1.6369217026563803
28 -1.7638888888888888
29 -1.8611111111111112
30 -1.9305555555555556
31 -1.9722222222222223
32 -1.9861111111111112
33 -1.9722222222222223
34 -1.9305555555555556
35 -1.8611111111111112
36 -1.7638888888888888
1733 -1.6369217026563803
1718 -1.6527777777777777
37 -1.7777777777777777
38 -1.875
39 -1.9444444444444444
40 -1.9861111111111112
41 -2.0
42 -1.9861111111111112
43 -1.9444444444444444
44 -1.875
45 -1.7777777777777777
1702 -1.6527777777777777
1717 -1.6369217026563803
46 -1.7638888888888888
47 -1.8611111111111112
48 -1.9305555555555556
49 -1.9722222222222223
50 -1.9861111111111112
51 -1.9722222222222223
52 -1.9305555555555556
53 -1.8611111111111112
54 -1.7638888888888888
1703 -1.6369217026563803
1716 -1.5893721055012213
55 -1.7222222222222223
56 -1.8194444444444444
57 -1.8888888888888888
58 -1.9305555555555556
59 -1.9444444444444444
60 -1.9305555555555556
61 -1.8888888888888888
62 -1.8194444444444444
63 -1.7222222222222223
1704 -1.5893721055012215
1715 -1.5099833843670092
64 -1.6527777777777777
65 -1.75
66 -1.8194444444444444
67 -1.8611111111111112
68 -1.875
69 -1.8611111111111112
70 -1.8194444444444444
71 -1.75
72 -1.6527777777777777
1705 -1.5099833843670092
1714 -1.3976259073309623
73 -1.5555555555555554
74 -1.6527777777777777
75 -1.7222222222222223
76 -1.7638888888888888
77 -1.7777777777777777
78 -1.7638888888888888
79 -1.7222222222222223
80 -1.6527777777777777
81 -1.5555555555555554
1706 -1.3976259073309623
1713 -1.5099833843670092
1712 -1.5893721055012215
1711 -1.6369217026563803
1710 -1.6527777777777777
1709 -1.6369217026563803
1708 -1.5893721055012215
1707 -1.5099833843670092
1734 -1.5
1765 -1.4835547417266701
1735 -1.4835547417266701
1736 -1.4344852499374192
1737 -1.353330548177898
1738 -1.239861506134746
1739 -1.353330548177898
1740 -1.4344852499374192
1741 -1.4835547417266701
1742 -1.5
1743 -1.4835547417266701
1744 -1.4344852499374192
1745 -1.353330548177898
1746 -1.239861506134746
1747 -1.353330548177898
1748 -1.4344852499374192
1749 -1.4835547417266701
1750 -1.5
1751 -1.4835547417266701
1752 -1.4344852499374192
1753 -1.353330548177898
1754 -1.239861506134746
1755 -1.353330548177898
1756 -1.4344852499374192
1757 -1.4835547417266701
1758 -1.5
1759 -1.4835547417266701
1760 -1.4344852499374197
1761 -1.353330548177898
1762 -1.239861506134746
1763 -1.353330548177898
1764 -1.4344852499374192
1766 -1.3194444444444442
1797 -1.3038797216299545
1767 -1.3038797216299545
1768 -1.257821869395225
1769 -1.182983149385448
1770 -1.0813968035049464
1771 -1.182983149385448
1772 -1.257821869395225
1773 -1.3038797216299545
1774 -1.3194444444444442
1775 -1.3038797216299545
1776 -1.2578218693952252
1777 -1.1829831493854477
1778 -1.0813968035049464
1779 -1.1829831493854477
1780 -1.257821869395225
1781 -1.3038797216299545
1782 -1.3194444444444442
1783 -1.3038797216299545
1784 -1.257821869395225
1785 -1.1829831493854477
1786 -1.0813968035049464
1787 -1.182983149385448
1788 -1.257821869395225
1789 -1.3038797216299545
1790 -1.3194444444444442
1791 -1.3038797216299545
1792 -1.257821869395225
1793 -1.182983149385448
1794 -1.0813968035049464
1795 -1.182983149385448
1796 -1.257821869395225
1798 -1.1111111111111112
1829 -1.0977862685864679
1799 -1.0977862685864679
1800 -1.0588151393242786
1801 -0.9971453487553621
1802 -0.9174843680978573
1803 -0.9971453487553616
1804 -1.0588151393242786
1805 -1.0977862685864679
1806 -1.1111111111111112
1807 -1.0977862685864679
1808 -1.0588151393242786
1809 -0.9971453487553623
1810 -0.9174843680978573
1811 -0.9971453487553621
1812 -1.0588151393242784
1813 -1.0977862685864679
1814 -1.1111111111111112
1815 -1.0977862685864679
1816 -1.0588151393242786
1817 -0.9971453487553623
1818 -0.9174843680978573
1819 -0.9971453487553623
1820 -1.0588151393242777
1821 -1.0977862685864679
1822 -1.1111111111111112
1823 -1.0977862685864679
1824 -1.0588151393242786
1825 -0.9971453487553623
1826 -0.9174843680978573
1827 -0.9971453487553623
1828 -1.0588151393242777
1830 -0.875
1861 -0.8649633250734248
1831 -0.8649633250734248
1832 -0.8360960568961773
1833 -0.7922120386124218
1834 -0.7401232043229893
1835 -0.7922120386124218
1836 -0.8360960568961773
1837 -0.8649633250734248
1838 -0.875
1839 -0.8649633250734248
1840 -0.8360960568961773
1841 -0.7922120386124218
1842 -0.7401232043229893
1843 -0.7922120386124218
1844 -0.8360960568961773
1845 -0.8649633250734248
1846 -0.875
1847 -0.8649633250734248
1848 -0.836096056896177
1849 -0.7922120386124218
1850 -0.7401232043229886
1851 -0.7922120386124218
1852 -0.8360960568961773
1853 -0.8649633250734248
1854 -0.875
1855 -0.8649633250734248
1856 -0.8360960568961777
1857 -0.7922120386124225
1858 -0.7401232043229893
1859 -0.7922120386124218
1860 -0.8360960568961773
1862 -0.6111111111111109
1893 -0.6048996183473339
1863 -0.6048996183473339
1864 -0.5875017277167212
1865 -0.5628189931632799
1866 -0.5382681918880596
1867 -0.5628189931632799
1868 -0.5875017277167212
1869 -0.6048996183473339
1870 -0.6111111111111109
1871 -0.6048996183473339
1872 -0.5875017277167212
1873 -0.5628189931632799
1874 -0.5382681918880596
1875 -0.5628189931632799
1876 -0.5875017277167212
1877 -0.6048996183473339
1878 -0.6111111111111109
1879 -0.6048996183473339
1880 -0.5875017277167207
1881 -0.5628189931632799
1882 -0.5382681918880596
1883 -0.5628189931632799
1884 -0.5875017277167212
1885 -0.6048996183473343
1886 -0.6111111111111109
1887 -0.6048996183473339
1888 -0.5875017277167212
1889 -0.5628189931632799
1890 -0.5382681918880596
1891 -0.5628189931632799
1892 -0.5875017277167212
1894 -0.3194444444444442
1925 -0.31688319192168346
1895 -0.31688319192168346
1896 -0.31006707911366593
1897 -0.30179271817366216
1898 -0.2976206462540001
1899 -0.30179271817366216
1900 -0.31006707911366593
1901 -0.31688319192168346
1902 -0.3194444444444442
1903 -0.31688319192168346
1904 -0.31006707911366593
1905 -0.30179271817366216
1906 -0.2976206462540001
1907 -0.30179271817366216
1908 -0.31006707911366593
1909 -0.31688319192168346
1910 -0.3194444444444442
1911 -0.31688319192168346
1912 -0.31006707911366505
1913 -0.30179271817366216
1914 -0.2976206462540001
1915 -0.30179271817366216
1916 -0.31006707911366593
1917 -0.31688319192168346
1918 -0.3194444444444442
1919 -0.31688319192168346
1920 -0.31006707911366593
1921 -0.30179271817366216
1922 -0.2976206462540001
1923 -0.30179271817366216
1924 -0.31006707911366593
1926 -0.0
1957 -0.0
1927 -8.881784197001252e-16
1928 -0.0
1929 -0.0
1930 -0.0
1931 8.881784197001252e-16
1932 -0.0
1933 -0.0
1934 -0.0
1935 -8.881784197001252e-16
1936 -0.0
1937 -0.0
1938 -0.0
1939 8.881784197001252e-16
1940 8.881784197001252e-16
1941 -0.0
1942 -0.0
1943 -0.0
1944 -0.0
1945 -0.0
1946 8.881784197001252e-16
1947 -0.0
1948 -0.0
1949 -0.0
1950 -0.0
1951 -0.0
1952 -0.0
1953 -0.0
1954 -0.0
1955 -0.0
1956 -0.0