---------------------------------------------------------------------
 Eq     N-i     T       dB  Ri/R1   Ri/R0    R/Ri     lsIt   dB  %t
---------------------------------------------------------------------
 NS 1-1  4.350e-01  [0 1.000e+00 1.000e+00 4.470e-07]  [47 -146 61]
 NS 1-2  7.560e-01  [-66 4.812e-04 4.812e-04 9.516e-07]  [45 -139 75]
 NS 1-3  1.078e+00  [-84 6.023e-05 6.023e-05 9.030e-07]  [47 -139 74]
 NS 1-4  1.416e+00  [-111 2.685e-06 2.685e-06 2.688e-07]  [48 -151 73]
 NS 1-5s 1.765e+00  [-130 2.869e-07 2.869e-07 7.269e-07]  [47 -141 74]
 NS 2-1  2.142e+00  [0 1.000e+00 3.067e-01 8.350e-07]  [52 -140 70]
 NS 2-2  2.506e+00  [-60 9.551e-04 2.929e-04 6.429e-07]  [53 -143 79]
 NS 2-3  2.849e+00  [-85 5.191e-05 1.592e-05 3.553e-07]  [52 -149 77]
 NS 2-4  3.184e+00  [-101 8.718e-06 2.673e-06 7.975e-07]  [51 -140 77]
 NS 2-5s 3.544e+00  [-126 4.811e-07 1.475e-07 7.392e-07]  [52 -141 78]
 NS 3-1  3.930e+00  [0 1.000e+00 1.484e-01 6.380e-07]  [55 -143 71]
 NS 3-2  4.301e+00  [-54 1.976e-03 2.932e-04 4.102e-07]  [56 -147 79]
 NS 3-3  4.673e+00  [-78 1.185e-04 1.759e-05 7.196e-07]  [58 -141 80]
 NS 3-4  5.046e+00  [-93 2.148e-05 3.188e-06 8.711e-07]  [59 -140 80]
 NS 3-5s 5.440e+00  [-114 1.880e-06 2.789e-07 5.246e-07]  [58 -145 79]
 NS 4-1  5.870e+00  [0 1.000e+00 6.544e-02 8.557e-07]  [63 -140 73]
 NS 4-2  6.266e+00  [-50 2.977e-03 1.948e-04 2.812e-07]  [63 -151 81]
 NS 4-3  6.778e+00  [-66 4.676e-04 3.060e-05 8.004e-07]  [67 -140 69]
 NS 4-4  7.215e+00  [-86 4.974e-05 3.255e-06 5.894e-07]  [69 -143 83]
 NS 4-5s 7.664e+00  [-103 6.413e-06 4.197e-07 2.664e-07]  [73 -151 81]
 NS 5-1  8.123e+00  [0 1.000e+00 2.679e-02 9.244e-07]  [69 -139 75]
 NS 5-2  8.576e+00  [-45 5.459e-03 1.462e-04 3.168e-07]  [73 -150 84]
 NS 5-3  9.017e+00  [-63 6.615e-04 1.772e-05 8.615e-07]  [70 -140 82]
 NS 5-4  9.466e+00  [-78 1.244e-04 3.331e-06 3.403e-07]  [74 -149 83]
 NS 5-5s 9.927e+00  [-99 1.030e-05 2.758e-07 8.659e-07]  [75 -140 84]
 NS 6-1  1.044e+01  [0 1.000e+00 2.127e-02 4.795e-07]  [79 -146 79]
 NS 6-2  1.098e+01  [-46 4.868e-03 1.035e-04 7.312e-07]  [81 -141 87]
 NS 6-3  1.147e+01  [-60 9.629e-04 2.048e-05 5.691e-07]  [82 -144 85]
 NS 6-4  1.195e+01  [-81 8.360e-05 1.778e-06 2.949e-07]  [79 -150 85]
 NS 6-5s 1.245e+01  [-94 1.795e-05 3.818e-07 4.718e-07]  [80 -146 83]
 NS 7-1  1.301e+01  [0 1.000e+00 8.531e-03 1.412e-07]  [87 -158 80]
 NS 7-2  1.352e+01  [-41 8.729e-03 7.447e-05 7.534e-07]  [84 -141 86]
 NS 7-3  1.401e+01  [-55 1.595e-03 1.360e-05 6.155e-07]  [82 -143 85]
 NS 7-4  1.454e+01  [-73 2.044e-04 1.744e-06 6.172e-07]  [83 -143 85]
 NS 7-5s 1.508e+01  [-91 2.536e-05 2.163e-07 7.743e-07]  [88 -141 85]
 NS 8-1  1.563e+01  [0 1.000e+00 1.210e-02 4.955e-07]  [88 -145 80]
 NS 8-2  1.616e+01  [-45 5.304e-03 6.419e-05 8.776e-07]  [86 -139 85]
 NS 8-3  1.668e+01  [-61 8.415e-04 1.018e-05 7.744e-07]  [88 -141 86]
 NS 8-4s 1.722e+01  [-82 7.140e-05 8.641e-07 4.285e-07]  [90 -147 84]
 NS 9-1  1.780e+01  [0 1.000e+00 6.923e-03 9.954e-07]  [91 -138 80]
 NS 9-2  1.834e+01  [-44 6.274e-03 4.344e-05 6.070e-07]  [91 -143 86]
 NS 9-3  1.890e+01  [-60 9.834e-04 6.809e-06 6.866e-07]  [95 -142 86]
 NS 9-4s 1.945e+01  [-79 1.010e-04 6.990e-07 3.838e-07]  [92 -148 84]
 NS 10-1  2.003e+01  [0 1.000e+00 7.501e-03 8.980e-07]  [91 -139 78]
 NS 10-2  2.055e+01  [-43 6.575e-03 4.931e-05 8.678e-07]  [89 -140 85]
 NS 10-3  2.110e+01  [-64 5.704e-04 4.279e-06 9.990e-07]  [95 -138 87]
 NS 10-4s 2.164e+01  [-84 6.240e-05 4.681e-07 8.602e-07]  [90 -140 85]
 NS 11-1  2.223e+01  [0 1.000e+00 4.536e-03 8.595e-07]  [92 -140 80]
 NS 11-2  2.277e+01  [-41 8.021e-03 3.638e-05 8.958e-07]  [95 -139 86]
 NS 11-3  2.337e+01  [-66 4.987e-04 2.262e-06 5.205e-07]  [106 -145 87]
 NS 11-4s 2.393e+01  [-82 7.298e-05 3.310e-07 9.569e-07]  [95 -139 86]
 NS 12-1  2.453e+01  [0 1.000e+00 3.631e-03 5.249e-07]  [95 -145 81]
 NS 12-2  2.503e+01  [-39 1.041e-02 3.780e-05 9.000e-07]  [84 -139 85]
 NS 12-3  2.563e+01  [-67 4.206e-04 1.527e-06 9.480e-07]  [104 -139 87]
 NS 12-4s 2.624e+01  [-81 8.524e-05 3.095e-07 6.624e-07]  [104 -142 86]
 NS 13-1  2.684e+01  [0 1.000e+00 1.551e-03 6.543e-07]  [93 -142 80]
 NS 13-2  2.740e+01  [-33 2.162e-02 3.353e-05 3.134e-07]  [94 -150 86]
 NS 13-3s 2.808e+01  [-64 6.080e-04 9.430e-07 4.895e-07]  [119 -145 87]
 NS 14-1  2.868e+01  [0 1.000e+00 3.865e-04 9.376e-07]  [96 -139 81]
 NS 14-2  2.923e+01  [-22 7.192e-02 2.780e-05 6.286e-07]  [92 -143 86]
 NS 14-3s 2.984e+01  [-54 1.934e-03 7.477e-07 6.799e-07]  [103 -142 85]
 NS 15-1  3.043e+01  [0 1.000e+00 1.195e-03 9.517e-07]  [91 -139 80]
 NS 15-2  3.097e+01  [-32 2.262e-02 2.704e-05 8.435e-07]  [91 -140 86]
 NS 15-3s 3.159e+01  [-64 6.088e-04 7.277e-07 6.356e-07]  [105 -143 87]
 NS 16-1  3.212e+01  [0 1.000e+00 2.304e-03 8.285e-07]  [84 -140 79]
 NS 16-2  3.267e+01  [-40 8.994e-03 2.072e-05 5.472e-07]  [92 -144 85]
 NS 16-3s 3.325e+01  [-70 3.003e-04 6.917e-07 7.876e-07]  [98 -141 86]
 NS 17-1  3.379e+01  [0 1.000e+00 3.293e-03 8.914e-07]  [86 -139 78]
 NS 17-2  3.434e+01  [-44 6.248e-03 2.058e-05 7.447e-07]  [92 -141 85]
 NS 17-3  3.490e+01  [-69 3.421e-04 1.126e-06 5.554e-07]  [96 -144 86]
 NS 17-4s 3.547e+01  [-82 7.272e-05 2.395e-07 6.179e-07]  [97 -143 85]
 NS 18-1  3.604e+01  [0 1.000e+00 4.086e-03 7.063e-07]  [89 -142 80]
 NS 18-2  3.690e+01  [-47 4.048e-03 1.654e-05 7.507e-07]  [90 -141 91]
 NS 18-3  3.745e+01  [-68 3.853e-04 1.574e-06 8.465e-07]  [96 -140 86]
 NS 18-4s 3.801e+01  [-85 5.602e-05 2.289e-07 5.800e-07]  [96 -144 86]
 NS 19-1  3.856e+01  [0 1.000e+00 4.659e-03 9.344e-07]  [88 -139 80]
 NS 19-2  3.908e+01  [-49 3.412e-03 1.590e-05 9.800e-07]  [88 -138 86]
 NS 19-3  3.968e+01  [-66 4.590e-04 2.139e-06 8.997e-07]  [105 -139 88]
 NS 19-4s 4.024e+01  [-85 5.191e-05 2.419e-07 7.226e-07]  [94 -141 85]
 NS 20-1  4.078e+01  [0 1.000e+00 5.136e-03 9.903e-07]  [87 -138 79]
 NS 20-2  4.135e+01  [-49 3.264e-03 1.676e-05 5.318e-07]  [90 -144 86]
 NS 20-3  4.189e+01  [-65 5.187e-04 2.664e-06 9.816e-07]  [91 -138 86]
 NS 20-4s 4.244e+01  [-85 5.056e-05 2.597e-07 3.156e-07]  [93 -150 85]
 NS 21-1  4.300e+01  [0 1.000e+00 5.466e-03 7.910e-07]  [88 -140 80]
 NS 21-2  4.353e+01  [-50 3.133e-03 1.712e-05 6.397e-07]  [90 -143 87]
 NS 21-3  4.404e+01  [-64 5.720e-04 3.126e-06 4.983e-07]  [88 -145 85]
 NS 21-4s 4.457e+01  [-86 4.672e-05 2.553e-07 9.439e-07]  [88 -139 84]
 NS 22-1  4.511e+01  [0 1.000e+00 5.714e-03 5.148e-07]  [87 -145 79]
 NS 22-2  4.563e+01  [-49 3.495e-03 1.997e-05 7.164e-07]  [89 -141 85]
 NS 22-3  4.615e+01  [-63 6.387e-04 3.649e-06 3.660e-07]  [86 -148 86]
 NS 22-4s 4.666e+01  [-85 5.088e-05 2.907e-07 5.660e-07]  [85 -144 84]
 NS 23-1  4.720e+01  [0 1.000e+00 5.948e-03 5.696e-07]  [85 -144 80]
 NS 23-2  4.789e+01  [-48 3.815e-03 2.269e-05 2.476e-07]  [124 -152 89]
 NS 23-3  4.838e+01  [-63 6.985e-04 4.154e-06 5.176e-07]  [82 -145 86]
 NS 23-4s 4.887e+01  [-85 5.152e-05 3.064e-07 9.775e-07]  [80 -138 83]
 NS 24-1  4.939e+01  [0 1.000e+00 6.092e-03 2.864e-07]  [83 -151 79]
 NS 24-2  4.988e+01  [-47 4.251e-03 2.590e-05 5.411e-07]  [83 -144 85]
 NS 24-3  5.041e+01  [-62 7.657e-04 4.664e-06 9.048e-07]  [86 -139 86]
 NS 24-4s 5.089e+01  [-85 5.449e-05 3.319e-07 5.149e-07]  [79 -145 84]
 NS 25-1  5.143e+01  [0 1.000e+00 6.191e-03 1.651e-07]  [80 -156 80]
 NS 25-2  5.195e+01  [-46 4.810e-03 2.978e-05 7.688e-07]  [77 -141 85]
 NS 25-3  5.245e+01  [-61 8.388e-04 5.193e-06 9.527e-07]  [83 -139 86]
 NS 25-4s 5.290e+01  [-84 5.885e-05 3.643e-07 4.863e-07]  [74 -145 82]
 NS 26-1  5.340e+01  [0 1.000e+00 6.211e-03 1.185e-07]  [77 -159 78]
 NS 26-2  5.385e+01  [-45 5.391e-03 3.348e-05 6.930e-07]  [72 -142 84]
 NS 26-3  5.434e+01  [-60 8.997e-04 5.588e-06 1.568e-07]  [81 -157 85]
 NS 26-4s 5.478e+01  [-84 6.032e-05 3.746e-07 2.317e-07]  [73 -153 82]
 NS 27-1  5.522e+01  [0 1.000e+00 6.083e-03 9.330e-07]  [68 -139 76]
 NS 27-2  5.565e+01  [-44 6.034e-03 3.671e-05 6.290e-07]  [68 -143 82]
 NS 27-3  5.608e+01  [-60 9.749e-04 5.930e-06 1.746e-07]  [71 -156 83]
 NS 27-4s 5.650e+01  [-83 6.456e-05 3.927e-07 4.079e-07]  [66 -147 81]
 NS 28-1  5.693e+01  [0 1.000e+00 5.893e-03 9.322e-07]  [64 -139 74]
 NS 28-2  5.733e+01  [-43 6.589e-03 3.883e-05 6.547e-07]  [65 -142 80]
 NS 28-3  5.775e+01  [-59 1.010e-03 5.953e-06 3.975e-07]  [65 -147 81]
 NS 28-4s 5.814e+01  [-83 6.344e-05 3.738e-07 3.408e-07]  [62 -149 78]
 NS 29-1  5.855e+01  [0 1.000e+00 5.476e-03 5.571e-07]  [58 -144 71]
 NS 29-2  5.893e+01  [-43 7.021e-03 3.845e-05 4.198e-07]  [58 -147 79]
 NS 29-3  5.932e+01  [-59 1.032e-03 5.654e-06 8.933e-07]  [61 -139 79]
 NS 29-4s 5.970e+01  [-84 6.196e-05 3.393e-07 4.554e-07]  [58 -146 76]
 NS 30-1  6.010e+01  [0 1.000e+00 4.985e-03 6.848e-07]  [54 -142 72]
 NS 30-2  6.043e+01  [-42 7.119e-03 3.548e-05 6.688e-07]  [51 -142 76]
 NS 30-3  6.080e+01  [-59 1.007e-03 5.021e-06 5.342e-07]  [57 -144 80]
 NS 30-4s 6.113e+01  [-84 5.764e-05 2.873e-07 9.067e-07]  [48 -139 77]
 NS 31-1  6.149e+01  [0 1.000e+00 4.374e-03 5.467e-07]  [49 -144 69]
 NS 31-2  6.184e+01  [-43 6.941e-03 3.036e-05 3.754e-07]  [51 -148 78]
 NS 31-3  6.217e+01  [-60 9.266e-04 4.053e-06 5.345e-07]  [50 -144 76]
 NS 31-4s 6.251e+01  [-86 4.982e-05 2.179e-07 3.563e-07]  [49 -148 75]
 NS 32-1  6.284e+01  [0 1.000e+00 3.677e-03 9.941e-07]  [44 -138 67]
 NS 32-2  6.317e+01  [-43 6.473e-03 2.380e-05 3.992e-07]  [50 -147 77]
 NS 32-3  6.351e+01  [-61 8.293e-04 3.049e-06 6.101e-07]  [49 -143 76]
 NS 32-4s 6.382e+01  [-87 4.288e-05 1.577e-07 4.878e-07]  [45 -145 73]
 NS 33-1  6.417e+01  [0 1.000e+00 3.057e-03 8.680e-07]  [44 -140 68]
 NS 33-2  6.452e+01  [-44 5.726e-03 1.751e-05 3.210e-07]  [50 -150 78]
 NS 33-3  6.484e+01  [-63 6.688e-04 2.045e-06 9.647e-07]  [45 -139 74]
 NS 33-4s 6.515e+01  [-89 3.217e-05 9.837e-08 9.105e-07]  [45 -139 72]
 NS 34-1  6.550e+01  [0 1.000e+00 2.354e-03 5.833e-07]  [44 -144 68]
 NS 34-2  6.581e+01  [-46 4.997e-03 1.176e-05 6.691e-07]  [46 -142 75]
 NS 34-3  6.611e+01  [-65 5.326e-04 1.254e-06 9.693e-07]  [43 -138 75]
 NS 34-4s 6.644e+01  [-92 2.364e-05 5.565e-08 5.198e-07]  [46 -145 77]
 NS 35-1  6.684e+01  [0 1.000e+00 1.823e-03 8.149e-07]  [41 -140 70]
 NS 35-2  6.715e+01  [-47 4.076e-03 7.431e-06 5.812e-07]  [45 -144 74]
 NS 35-3s 6.748e+01  [-68 3.865e-04 7.046e-07 2.925e-07]  [47 -150 74]
 NS 36-1  6.783e+01  [0 1.000e+00 1.321e-03 9.030e-08]  [46 -162 68]
 NS 36-2  6.815e+01  [-49 3.351e-03 4.426e-06 5.057e-07]  [45 -145 77]
 NS 36-3s 6.847e+01  [-71 2.660e-04 3.514e-07 1.708e-07]  [46 -156 75]
 NS 37-1  6.882e+01  [0 1.000e+00 9.076e-04 7.938e-07]  [44 -140 68]
 NS 37-2  6.913e+01  [-51 2.662e-03 2.416e-06 3.398e-07]  [46 -149 75]
 NS 37-3s 6.946e+01  [-74 1.782e-04 1.617e-07 8.634e-07]  [46 -140 75]
 NS 38-1  6.978e+01  [0 1.000e+00 6.156e-04 7.347e-07]  [41 -141 65]
 NS 38-2  7.010e+01  [-52 2.302e-03 1.417e-06 2.737e-07]  [47 -151 76]
 NS 38-3s 7.041e+01  [-80 9.494e-05 5.845e-08 9.002e-07]  [44 -139 74]
 NS 39-1  7.074e+01  [0 1.000e+00 2.808e-04 7.578e-07]  [41 -141 66]
 NS 39-2s 7.111e+01  [-49 3.344e-03 9.390e-07 2.765e-07]  [46 -151 77]
 NS 40-1  7.147e+01  [0 1.000e+00 5.715e-05 3.133e-07]  [47 -150 70]
 NS 40-2s 7.180e+01  [-36 1.437e-02 8.211e-07 7.094e-07]  [45 -142 73]
 NS 41-1  7.213e+01  [0 1.000e+00 2.389e-04 9.184e-07]  [44 -139 67]
 NS 41-2  7.247e+01  [-47 4.188e-03 1.001e-06 2.479e-07]  [47 -152 75]
 NS 41-3s 7.279e+01  [-77 1.360e-04 3.250e-08 9.114e-07]  [45 -139 75]
 NS 42-1  7.312e+01  [0 1.000e+00 4.873e-04 6.624e-07]  [43 -142 66]
 NS 42-2  7.343e+01  [-51 2.535e-03 1.235e-06 8.283e-07]  [45 -140 77]
 NS 42-3s 7.376e+01  [-75 1.688e-04 8.225e-08 7.054e-07]  [47 -142 75]
 NS 43-1  7.410e+01  [0 1.000e+00 6.541e-04 2.999e-07]  [45 -150 67]
 NS 43-2  7.442e+01  [-52 2.427e-03 1.588e-06 8.567e-07]  [45 -140 73]
 NS 43-3s 7.476e+01  [-73 2.136e-04 1.397e-07 2.961e-07]  [49 -150 78]
 NS 44-1  7.517e+01  [0 1.000e+00 7.839e-04 8.558e-08]  [46 -163 70]
 NS 44-2  7.549e+01  [-53 2.113e-03 1.656e-06 2.415e-07]  [46 -152 76]
 NS 44-3s 7.582e+01  [-72 2.252e-04 1.765e-07 4.645e-07]  [47 -146 74]
 NS 45-1  7.618e+01  [0 1.000e+00 7.823e-04 9.696e-07]  [41 -138 65]
 NS 45-2  7.653e+01  [-54 1.786e-03 1.397e-06 5.147e-07]  [46 -145 78]
 NS 45-3s 7.688e+01  [-73 2.065e-04 1.615e-07 9.075e-07]  [49 -139 75]
 NS 46-1  7.726e+01  [0 1.000e+00 6.786e-04 9.622e-07]  [45 -139 71]
 NS 46-2  7.759e+01  [-54 1.922e-03 1.304e-06 1.952e-07]  [48 -154 75]
 NS 46-3s 7.791e+01  [-76 1.539e-04 1.044e-07 9.243e-07]  [43 -139 75]
 NS 47-1  7.825e+01  [0 1.000e+00 4.754e-04 1.412e-07]  [46 -158 69]
 NS 47-2  7.857e+01  [-49 3.372e-03 1.603e-06 3.062e-07]  [47 -150 77]
 NS 47-3s 7.887e+01  [-80 9.825e-05 4.671e-08 8.542e-07]  [44 -140 75]
 NS 48-1  7.921e+01  [0 1.000e+00 2.242e-04 5.987e-07]  [44 -143 69]
 NS 48-2  7.952e+01  [-41 8.648e-03 1.939e-06 4.808e-07]  [47 -145 76]
 NS 48-3s 7.986e+01  [-76 1.447e-04 3.244e-08 4.991e-07]  [49 -145 77]
 NS 49-1  8.019e+01  [0 1.000e+00 8.669e-05 7.278e-07]  [44 -141 68]
 NS 49-2  8.051e+01  [-34 1.901e-02 1.648e-06 5.127e-07]  [46 -145 75]
 NS 49-3s 8.083e+01  [-69 3.207e-04 2.780e-08 4.389e-07]  [48 -146 76]
 NS 50-1  8.115e+01  [0 1.000e+00 2.947e-04 8.684e-07]  [44 -140 68]
 NS 50-2  8.148e+01  [-47 4.328e-03 1.275e-06 4.432e-07]  [46 -146 77]
 NS 50-3s 8.178e+01  [-76 1.418e-04 4.178e-08 7.631e-07]  [44 -141 74]
 NS 51-1  8.211e+01  [0 1.000e+00 4.845e-04 9.801e-07]  [42 -138 68]
 NS 51-2s 8.243e+01  [-54 1.820e-03 8.817e-07 3.728e-07]  [46 -148 74]
 NS 52-1  8.276e+01  [0 1.000e+00 5.659e-04 7.280e-07]  [42 -141 69]
 NS 52-2s 8.308e+01  [-57 1.400e-03 7.924e-07 2.325e-07]  [47 -153 75]
 NS 53-1  8.340e+01  [0 1.000e+00 5.731e-04 9.771e-07]  [41 -138 67]
 NS 53-2s 8.372e+01  [-56 1.475e-03 8.452e-07 3.483e-07]  [47 -149 75]
 NS 54-1  8.406e+01  [0 1.000e+00 5.603e-04 8.728e-08]  [46 -163 69]
 NS 54-2s 8.437e+01  [-56 1.486e-03 8.326e-07 3.719e-07]  [46 -148 74]
 NS 55-1  8.471e+01  [0 1.000e+00 4.828e-04 1.201e-07]  [45 -159 67]
 NS 55-2s 8.503e+01  [-56 1.441e-03 6.956e-07 4.091e-07]  [47 -147 75]
 NS 56-1  8.538e+01  [0 1.000e+00 4.545e-04 3.357e-07]  [45 -149 70]
 NS 56-2s 8.573e+01  [-57 1.268e-03 5.762e-07 5.333e-07]  [46 -144 76]
 NS 57-1  8.606e+01  [0 1.000e+00 4.230e-04 6.305e-07]  [45 -143 67]
 NS 57-2s 8.640e+01  [-58 1.219e-03 5.158e-07 3.333e-07]  [47 -149 77]
 NS 58-1  8.673e+01  [0 1.000e+00 3.987e-04 2.894e-07]  [45 -151 68]
 NS 58-2s 8.707e+01  [-58 1.199e-03 4.781e-07 6.541e-07]  [46 -142 76]
 NS 59-1  8.741e+01  [0 1.000e+00 4.054e-04 4.745e-07]  [43 -146 66]
 NS 59-2s 8.774e+01  [-58 1.137e-03 4.610e-07 2.919e-07]  [46 -150 75]
 NS 60-1  8.808e+01  [0 1.000e+00 3.619e-04 8.549e-07]  [42 -140 67]
 NS 60-2s 8.838e+01  [-58 1.126e-03 4.075e-07 8.558e-07]  [44 -140 74]
 NS 61-1  8.870e+01  [0 1.000e+00 3.117e-04 5.699e-07]  [42 -144 68]
 NS 61-2s 8.900e+01  [-59 1.021e-03 3.181e-07 8.720e-07]  [44 -140 74]
 NS 62-1  8.931e+01  [0 1.000e+00 2.317e-04 8.884e-07]  [41 -139 66]
 NS 62-2s 8.962e+01  [-59 1.100e-03 2.547e-07 5.796e-07]  [46 -144 75]
 NS 63-1  8.996e+01  [0 1.000e+00 1.193e-04 8.055e-07]  [43 -140 69]
 NS 63-2s 9.059e+01  [-56 1.549e-03 1.849e-07 5.762e-07]  [46 -144 85]
 NS 64-1  9.101e+01  [0 1.000e+00 3.967e-05 9.377e-07]  [45 -139 71]
 NS 64-2s 9.134e+01  [-49 3.179e-03 1.261e-07 6.012e-07]  [46 -143 74]
 NS 65-1  9.168e+01  [0 1.000e+00 2.393e-05 8.296e-07]  [45 -140 67]
 NS 65-2s 9.200e+01  [-51 2.586e-03 6.188e-08 9.766e-07]  [46 -138 76]
 NS 66-1  9.235e+01  [0 1.000e+00 3.549e-05 8.254e-07]  [45 -140 68]
 NS 66-2s 9.267e+01  [-54 1.832e-03 6.501e-08 7.498e-07]  [46 -141 75]
 NS 67-1  9.302e+01  [0 1.000e+00 2.683e-05 6.731e-07]  [48 -142 70]
 NS 67-2s 9.334e+01  [-46 4.748e-03 1.274e-07 9.265e-07]  [46 -139 76]
 NS 68-1  9.370e+01  [0 1.000e+00 9.906e-05 5.229e-07]  [45 -145 69]
 NS 68-2s 9.402e+01  [-56 1.475e-03 1.461e-07 9.427e-07]  [45 -139 73]
 NS 69-1  9.438e+01  [0 1.000e+00 1.894e-04 8.806e-07]  [43 -139 68]
 NS 69-2s 9.470e+01  [-60 9.048e-04 1.714e-07 8.338e-07]  [47 -140 77]
 NS 70-1  9.509e+01  [0 1.000e+00 2.563e-04 8.460e-07]  [43 -140 69]
 NS 70-2s 9.543e+01  [-62 7.928e-04 2.032e-07 9.483e-07]  [45 -139 76]
 NS 71-1  9.577e+01  [0 1.000e+00 2.507e-04 4.757e-07]  [45 -146 68]
 NS 71-2s 9.610e+01  [-62 7.790e-04 1.953e-07 5.712e-07]  [46 -144 75]
 NS 72-1  9.643e+01  [0 1.000e+00 2.069e-04 8.984e-07]  [43 -139 67]
 NS 72-2s 9.684e+01  [-64 6.186e-04 1.280e-07 5.208e-07]  [47 -145 80]
 NS 73-1  9.718e+01  [0 1.000e+00 1.029e-04 6.260e-07]  [46 -143 69]
 NS 73-2s 9.751e+01  [-61 8.380e-04 8.619e-08 9.875e-07]  [46 -138 75]
 NS 74-1  9.787e+01  [0 1.000e+00 3.013e-05 4.060e-07]  [48 -147 70]
 NS 74-2s 9.819e+01  [-52 2.426e-03 7.310e-08 8.287e-07]  [47 -140 77]
 NS 75-1  9.854e+01  [0 1.000e+00 1.123e-04 7.034e-07]  [45 -142 69]
 NS 75-2s 9.887e+01  [-62 7.365e-04 8.273e-08 5.735e-07]  [47 -144 74]
 NS 76-1  9.921e+01  [0 1.000e+00 1.620e-04 5.238e-07]  [45 -145 68]
 NS 76-2s 9.952e+01  [-66 4.891e-04 7.924e-08 7.384e-07]  [45 -141 75]
 NS 77-1  9.986e+01  [0 1.000e+00 1.377e-04 7.547e-07]  [44 -141 67]
 NS 77-2s 1.002e+02  [-64 5.975e-04 8.228e-08 8.930e-07]  [45 -139 75]
 NS 78-1  1.005e+02  [0 1.000e+00 4.168e-05 8.262e-07]  [46 -140 67]
 NS 78-2s 1.009e+02  [-51 2.701e-03 1.126e-07 5.309e-07]  [48 -144 75]
 NS 79-1  1.013e+02  [0 1.000e+00 5.855e-05 4.144e-07]  [50 -147 74]
 NS 79-2s 1.016e+02  [-54 1.944e-03 1.138e-07 7.842e-07]  [46 -141 74]
 NS 80-1  1.019e+02  [0 1.000e+00 1.667e-04 3.461e-07]  [45 -149 66]
 NS 80-2s 1.023e+02  [-63 6.463e-04 1.078e-07 8.444e-07]  [45 -140 75]
 NS 81-1  1.026e+02  [0 1.000e+00 1.978e-04 8.334e-07]  [42 -140 65]
 NS 81-2s 1.029e+02  [-64 5.673e-04 1.122e-07 6.301e-07]  [46 -143 75]
 NS 82-1  1.033e+02  [0 1.000e+00 1.504e-04 8.321e-07]  [44 -140 68]
 NS 82-2s 1.036e+02  [-66 4.835e-04 7.273e-08 7.112e-07]  [47 -142 75]
 NS 83-1  1.039e+02  [0 1.000e+00 5.861e-05 9.503e-07]  [46 -139 68]
 NS 83-2s 1.042e+02  [-58 1.156e-03 6.774e-08 9.266e-07]  [47 -139 73]
 NS 84-1  1.046e+02  [0 1.000e+00 9.962e-05 6.451e-07]  [48 -143 69]
 NS 84-2s 1.049e+02  [-59 1.118e-03 1.114e-07 6.059e-07]  [46 -143 76]
 NS 85-1  1.053e+02  [0 1.000e+00 2.160e-04 5.607e-07]  [45 -144 68]
 NS 85-2s 1.056e+02  [-61 8.012e-04 1.731e-07 6.011e-07]  [46 -143 74]
 NS 86-1  1.059e+02  [0 1.000e+00 2.312e-04 9.698e-07]  [42 -138 67]
 NS 86-2s 1.062e+02  [-63 6.679e-04 1.544e-07 3.827e-07]  [45 -148 73]
 NS 87-1  1.066e+02  [0 1.000e+00 1.796e-04 9.141e-07]  [45 -139 68]
 NS 87-2s 1.069e+02  [-59 1.017e-03 1.826e-07 7.528e-07]  [46 -141 72]
 NS 88-1  1.073e+02  [0 1.000e+00 5.094e-05 4.117e-07]  [49 -147 71]
 NS 88-2s 1.076e+02  [-45 5.246e-03 2.673e-07 9.360e-07]  [46 -139 74]
 NS 89-1  1.080e+02  [0 1.000e+00 2.667e-04 6.862e-07]  [45 -142 67]
 NS 89-2s 1.083e+02  [-57 1.393e-03 3.715e-07 9.669e-07]  [44 -138 73]
 NS 90-1  1.086e+02  [0 1.000e+00 4.490e-04 6.007e-07]  [45 -143 67]
 NS 90-2s 1.090e+02  [-55 1.620e-03 7.274e-07 5.906e-07]  [45 -143 73]
 NS 91-1  1.093e+02  [0 1.000e+00 5.028e-04 8.286e-07]  [44 -140 66]
 NS 91-2s 1.096e+02  [-57 1.279e-03 6.429e-07 7.619e-07]  [44 -141 72]
 NS 92-1  1.100e+02  [0 1.000e+00 2.610e-04 8.487e-07]  [47 -140 68]
 NS 92-2s 1.103e+02  [-63 6.444e-04 1.682e-07 9.352e-07]  [42 -139 74]
 NS 93-1  1.106e+02  [0 1.000e+00 3.712e-04 1.658e-07]  [51 -156 70]
 NS 93-2  1.110e+02  [-45 5.309e-03 1.971e-06 5.523e-07]  [50 -144 76]
 NS 93-3s 1.113e+02  [-95 1.622e-05 6.022e-09 5.321e-07]  [46 -144 75]
 NS 94-1  1.117e+02  [0 1.000e+00 1.276e-03 9.057e-07]  [45 -139 68]
 NS 94-2  1.120e+02  [-41 8.285e-03 1.057e-05 6.311e-07]  [45 -143 74]
 NS 94-3s 1.123e+02  [-70 2.961e-04 3.778e-07 7.594e-07]  [45 -141 74]
 NS 95-1  1.127e+02  [0 1.000e+00 2.631e-03 2.877e-07]  [45 -151 66]
 NS 95-2  1.130e+02  [-38 1.167e-02 3.069e-05 3.348e-07]  [46 -149 74]
 NS 95-3  1.133e+02  [-59 1.045e-03 2.748e-06 9.916e-07]  [44 -138 75]
 NS 95-4s 1.136e+02  [-92 2.415e-05 6.352e-08 9.399e-07]  [42 -139 71]
 NS 96-1  1.139e+02  [0 1.000e+00 4.109e-03 5.014e-07]  [45 -145 67]
 NS 96-2  1.143e+02  [-36 1.426e-02 5.858e-05 2.812e-07]  [48 -151 75]
 NS 96-3  1.146e+02  [-54 1.871e-03 7.687e-06 9.676e-07]  [45 -138 77]
 NS 96-4s 1.149e+02  [-81 8.285e-05 3.404e-07 5.014e-07]  [46 -145 73]
 NS 97-1  1.153e+02  [0 1.000e+00 5.823e-03 8.693e-08]  [49 -163 68]
 NS 97-2  1.156e+02  [-36 1.439e-02 8.377e-05 3.279e-07]  [49 -149 78]
 NS 97-3  1.160e+02  [-53 2.224e-03 1.295e-05 5.568e-07]  [51 -144 75]
 NS 97-4s 1.163e+02  [-78 1.196e-04 6.968e-07 7.295e-07]  [50 -141 76]
 NS 98-1  1.167e+02  [0 1.000e+00 7.384e-03 2.914e-07]  [48 -150 70]
 NS 98-2  1.170e+02  [-37 1.366e-02 1.008e-04 9.652e-07]  [52 -139 76]
 NS 98-3  1.174e+02  [-52 2.242e-03 1.655e-05 2.175e-07]  [59 -153 79]
 NS 98-4s 1.178e+02  [-78 1.230e-04 9.084e-07 9.819e-07]  [59 -138 78]
 NS 99-1  1.182e+02  [0 1.000e+00 8.736e-03 6.683e-07]  [54 -142 71]
 NS 99-2  1.186e+02  [-38 1.238e-02 1.082e-04 5.480e-07]  [64 -144 80]
 NS 99-3  1.190e+02  [-53 2.114e-03 1.847e-05 6.721e-07]  [65 -142 80]
 NS 99-4  1.194e+02  [-78 1.170e-04 1.022e-06 9.431e-07]  [60 -139 79]
 NS 99-5s 1.198e+02  [-93 2.116e-05 1.849e-07 2.851e-07]  [69 -151 81]
 NS 100-1  1.202e+02  [0 1.000e+00 9.761e-03 6.503e-07]  [66 -142 75]
 NS 100-2  1.207e+02  [-39 1.035e-02 1.010e-04 6.016e-07]  [72 -143 82]
 NS 100-3  1.211e+02  [-54 1.848e-03 1.804e-05 6.237e-07]  [75 -143 85]
 NS 100-4  1.216e+02  [-79 1.065e-04 1.040e-06 3.832e-07]  [73 -148 82]
 NS 100-5s 1.220e+02  [-93 2.039e-05 1.990e-07 8.444e-07]  [73 -140 83]
 NS 101-1  1.225e+02  [0 1.000e+00 1.018e-02 3.485e-07]  [76 -149 77]
 NS 101-2  1.230e+02  [-41 8.435e-03 8.587e-05 5.563e-07]  [80 -144 84]
 NS 101-3  1.235e+02  [-55 1.593e-03 1.622e-05 9.402e-07]  [77 -139 84]
 NS 101-4s 1.240e+02  [-80 9.044e-05 9.207e-07 4.400e-07]  [76 -146 82]
 NS 102-1  1.245e+02  [0 1.000e+00 1.016e-02 7.254e-07]  [79 -141 79]
 NS 102-2  1.250e+02  [-43 6.811e-03 6.918e-05 9.290e-07]  [86 -139 84]
 NS 102-3  1.255e+02  [-57 1.305e-03 1.325e-05 6.612e-07]  [86 -142 84]
 NS 102-4s 1.260e+02  [-82 7.727e-05 7.847e-07 2.680e-07]  [83 -151 83]
 NS 103-1  1.266e+02  [0 1.000e+00 9.421e-03 9.998e-07]  [83 -138 82]
 NS 103-2  1.272e+02  [-44 5.822e-03 5.485e-05 3.253e-07]  [87 -149 87]
 NS 103-3  1.277e+02  [-59 1.051e-03 9.897e-06 3.956e-07]  [91 -147 86]
 NS 103-4s 1.283e+02  [-83 6.441e-05 6.068e-07 3.260e-07]  [84 -149 84]
 NS 104-1  1.288e+02  [0 1.000e+00 8.389e-03 8.119e-07]  [87 -140 81]
 NS 104-2  1.293e+02  [-45 5.575e-03 4.676e-05 7.994e-07]  [88 -140 84]
 NS 104-3  1.299e+02  [-61 8.262e-04 6.931e-06 6.277e-07]  [92 -143 87]
 NS 104-4s 1.304e+02  [-84 5.719e-05 4.797e-07 9.973e-07]  [87 -138 86]
 NS 105-1  1.310e+02  [0 1.000e+00 6.923e-03 6.855e-07]  [89 -142 80]
 NS 105-2  1.316e+02  [-43 6.449e-03 4.464e-05 9.149e-07]  [93 -139 82]
 NS 105-3  1.321e+02  [-64 6.251e-04 4.327e-06 7.790e-07]  [94 -141 85]
 NS 105-4s 1.327e+02  [-84 5.755e-05 3.984e-07 9.565e-07]  [91 -139 84]
 NS 106-1  1.332e+02  [0 1.000e+00 5.315e-03 8.564e-07]  [87 -140 80]
 NS 106-2  1.338e+02  [-42 7.217e-03 3.836e-05 7.483e-07]  [93 -141 86]
 NS 106-3  1.343e+02  [-66 4.751e-04 2.525e-06 7.503e-07]  [98 -141 86]
 NS 106-4s 1.349e+02  [-84 5.749e-05 3.056e-07 4.190e-07]  [99 -147 86]
 NS 107-1  1.354e+02  [0 1.000e+00 3.674e-03 4.046e-07]  [72 -147 76]
 NS 107-2  1.359e+02  [-39 1.030e-02 3.786e-05 9.801e-07]  [88 -138 86]
 NS 107-3  1.365e+02  [-68 3.966e-04 1.457e-06 9.064e-07]  [100 -139 86]
 NS 107-4s 1.371e+02  [-81 8.018e-05 2.946e-07 6.637e-07]  [100 -142 86]
 NS 108-1  1.377e+02  [0 1.000e+00 2.014e-03 9.315e-07]  [89 -139 81]
 NS 108-2  1.382e+02  [-35 1.673e-02 3.371e-05 3.164e-07]  [92 -150 85]
 NS 108-3s 1.389e+02  [-66 4.653e-04 9.374e-07 7.659e-07]  [113 -141 87]
 NS 109-1  1.394e+02  [0 1.000e+00 5.384e-04 9.445e-07]  [93 -139 81]
 NS 109-2  1.400e+02  [-25 5.413e-02 2.915e-05 2.428e-07]  [92 -152 87]
 NS 109-3s 1.405e+02  [-57 1.393e-03 7.501e-07 4.252e-07]  [96 -147 85]
 NS 110-1  1.411e+02  [0 1.000e+00 9.167e-04 9.959e-07]  [83 -138 78]
 NS 110-2  1.416e+02  [-30 2.995e-02 2.746e-05 3.209e-07]  [92 -150 86]
 NS 110-3s 1.422e+02  [-62 7.808e-04 7.158e-07 9.536e-07]  [101 -139 85]
 NS 111-1  1.428e+02  [0 1.000e+00 2.098e-03 8.052e-07]  [86 -140 78]
 NS 111-2  1.433e+02  [-39 1.003e-02 2.104e-05 6.936e-07]  [91 -142 85]
 NS 111-3s 1.439e+02  [-70 3.050e-04 6.399e-07 9.923e-07]  [97 -138 84]
 NS 112-1  1.444e+02  [0 1.000e+00 3.107e-03 5.422e-07]  [89 -144 80]
 NS 112-2  1.450e+02  [-43 7.006e-03 2.177e-05 8.566e-07]  [91 -140 85]
 NS 112-3  1.455e+02  [-69 3.380e-04 1.050e-06 6.787e-07]  [95 -142 86]
 NS 112-4s 1.462e+02  [-82 7.827e-05 2.432e-07 7.015e-07]  [97 -142 86]
 NS 113-1  1.467e+02  [0 1.000e+00 3.951e-03 9.373e-07]  [88 -139 79]
 NS 113-2  1.473e+02  [-47 4.088e-03 1.615e-05 7.674e-07]  [90 -141 85]
 NS 113-3  1.478e+02  [-68 3.640e-04 1.438e-06 6.933e-07]  [94 -142 86]
 NS 113-4s 1.505e+02  [-85 5.530e-05 2.185e-07 8.213e-07]  [96 -140 96]
 NS 114-1  1.511e+02  [0 1.000e+00 4.544e-03 9.465e-07]  [87 -139 70]
 NS 114-2  1.517e+02  [-48 3.665e-03 1.665e-05 9.629e-07]  [87 -139 87]
 NS 114-3  1.533e+02  [-66 4.510e-04 2.050e-06 1.778e-07]  [113 -155 83]
 NS 114-4s 1.539e+02  [-85 5.472e-05 2.487e-07 2.657e-07]  [96 -151 85]
 NS 115-1  1.545e+02  [0 1.000e+00 5.066e-03 9.817e-07]  [89 -138 81]
 NS 115-2  1.550e+02  [-49 3.215e-03 1.629e-05 5.965e-07]  [90 -143 86]
 NS 115-3  1.556e+02  [-65 5.048e-04 2.558e-06 3.232e-07]  [97 -149 86]
 NS 115-4s 1.561e+02  [-86 4.975e-05 2.521e-07 2.564e-07]  [94 -152 85]
 NS 116-1  1.567e+02  [0 1.000e+00 5.393e-03 5.062e-07]  [89 -145 80]
 NS 116-2  1.573e+02  [-50 3.113e-03 1.679e-05 8.805e-07]  [85 -139 87]
 NS 116-3  1.578e+02  [-64 5.653e-04 3.048e-06 9.147e-07]  [86 -139 85]
 NS 116-4s 1.584e+02  [-86 4.726e-05 2.549e-07 7.266e-07]  [90 -141 85]
 NS 117-1  1.589e+02  [0 1.000e+00 5.678e-03 1.854e-07]  [87 -155 80]
 NS 117-2  1.594e+02  [-49 3.467e-03 1.969e-05 5.128e-07]  [91 -145 86]
 NS 117-3  1.600e+02  [-64 6.267e-04 3.559e-06 4.488e-07]  [86 -146 86]
 NS 117-4s 1.605e+02  [-85 5.100e-05 2.896e-07 6.729e-07]  [86 -142 84]
 NS 118-1  1.610e+02  [0 1.000e+00 5.903e-03 7.931e-07]  [85 -140 79]
 NS 118-2  1.616e+02  [-48 3.692e-03 2.179e-05 6.724e-07]  [89 -142 87]
 NS 118-3  1.621e+02  [-63 6.826e-04 4.029e-06 5.875e-07]  [81 -143 84]
 NS 118-4s 1.626e+02  [-86 4.974e-05 2.936e-07 8.898e-07]  [84 -139 85]
 NS 119-1  1.631e+02  [0 1.000e+00 6.058e-03 9.540e-07]  [84 -139 79]
 NS 119-2  1.636e+02  [-47 4.200e-03 2.544e-05 7.442e-07]  [83 -141 86]
 NS 119-3  1.641e+02  [-62 7.565e-04 4.583e-06 9.984e-07]  [82 -138 84]
 NS 119-4s 1.646e+02  [-85 5.554e-05 3.365e-07 6.161e-07]  [79 -143 84]
 NS 120-1  1.651e+02  [0 1.000e+00 6.197e-03 4.480e-07]  [80 -146 78]
 NS 120-2  1.656e+02  [-46 4.672e-03 2.895e-05 8.240e-07]  [78 -140 83]
 NS 120-3  1.661e+02  [-61 8.173e-04 5.065e-06 3.750e-07]  [87 -148 85]
 NS 120-4s 1.666e+02  [-84 5.669e-05 3.513e-07 9.869e-07]  [75 -138 82]
 NS 121-1  1.671e+02  [0 1.000e+00 6.190e-03 9.464e-07]  [76 -139 77]
 NS 121-2  1.675e+02  [-45 5.276e-03 3.266e-05 5.957e-07]  [73 -143 84]
 NS 121-3  1.680e+02  [-61 8.909e-04 5.515e-06 1.215e-07]  [83 -159 85]
 NS 121-4s 1.685e+02  [-84 6.052e-05 3.746e-07 6.682e-07]  [72 -142 82]
 NS 122-1  1.689e+02  [0 1.000e+00 6.138e-03 6.630e-07]  [70 -142 76]
 NS 122-2  1.694e+02  [-44 5.898e-03 3.620e-05 8.058e-07]  [69 -140 84]
 NS 122-3  1.698e+02  [-60 9.606e-04 5.896e-06 6.041e-07]  [71 -143 83]
 NS 122-4s 1.702e+02  [-83 6.426e-05 3.944e-07 5.842e-07]  [66 -144 80]
 NS 123-1  1.707e+02  [0 1.000e+00 5.937e-03 7.320e-07]  [65 -141 74]
 NS 123-2  1.711e+02  [-43 6.502e-03 3.861e-05 2.884e-07]  [65 -151 83]
 NS 123-3  1.715e+02  [-59 1.000e-03 5.938e-06 2.791e-07]  [68 -151 84]
 NS 123-4s 1.719e+02  [-84 6.277e-05 3.727e-07 2.654e-07]  [62 -151 81]
 NS 124-1  1.723e+02  [0 1.000e+00 5.557e-03 5.499e-07]  [60 -144 73]
 NS 124-2  1.727e+02  [-43 6.946e-03 3.860e-05 3.203e-07]  [60 -150 79]
 NS 124-3  1.731e+02  [-59 1.040e-03 5.780e-06 7.309e-07]  [61 -141 80]
 NS 124-4s 1.735e+02  [-83 6.381e-05 3.545e-07 2.003e-07]  [59 -154 79]
 NS 125-1  1.739e+02  [0 1.000e+00 5.124e-03 6.958e-07]  [55 -142 72]
 NS 125-2  1.742e+02  [-42 7.115e-03 3.646e-05 5.331e-07]  [53 -144 78]
 NS 125-3  1.746e+02  [-59 1.005e-03 5.152e-06 8.784e-07]  [53 -139 78]
 NS 125-4s 1.749e+02  [-84 5.760e-05 2.952e-07 5.843e-07]  [49 -144 75]
 NS 126-1  1.753e+02  [0 1.000e+00 4.464e-03 6.744e-07]  [50 -142 70]
 NS 126-2  1.756e+02  [-43 7.034e-03 3.140e-05 9.968e-07]  [51 -138 77]
 NS 126-3  1.759e+02  [-60 9.548e-04 4.262e-06 6.475e-07]  [50 -143 79]
 NS 126-4s 1.763e+02  [-85 5.208e-05 2.325e-07 4.492e-07]  [50 -146 78]
 NS 127-1  1.766e+02  [0 1.000e+00 3.848e-03 6.968e-07]  [46 -142 67]
 NS 127-2  1.770e+02  [-43 6.542e-03 2.517e-05 2.757e-07]  [50 -151 79]
 NS 127-3  1.773e+02  [-61 8.485e-04 3.265e-06 2.799e-07]  [49 -151 79]
 NS 127-4s 1.777e+02  [-87 4.445e-05 1.710e-07 3.997e-07]  [46 -147 75]
 NS 128-1  1.780e+02  [0 1.000e+00 3.169e-03 9.344e-07]  [43 -139 68]
 NS 128-2  1.784e+02  [-44 5.921e-03 1.876e-05 8.096e-07]  [49 -140 82]
 NS 128-3  1.787e+02  [-63 6.995e-04 2.217e-06 9.048e-07]  [45 -139 68]
 NS 128-4s 1.791e+02  [-89 3.382e-05 1.072e-07 9.595e-07]  [45 -139 79]
 NS 129-1  1.795e+02  [0 1.000e+00 2.479e-03 1.666e-07]  [45 -156 68]
 NS 129-2  1.798e+02  [-45 5.143e-03 1.275e-05 5.425e-07]  [47 -144 76]
 NS 129-3  1.801e+02  [-64 5.664e-04 1.404e-06 9.973e-07]  [44 -138 76]
 NS 129-4s 1.804e+02  [-91 2.593e-05 6.428e-08 3.339e-07]  [46 -149 77]
 NS 130-1  1.808e+02  [0 1.000e+00 1.950e-03 7.402e-07]  [42 -141 66]
 NS 130-2  1.811e+02  [-47 4.233e-03 8.253e-06 3.688e-07]  [46 -148 75]
 NS 130-3s 1.814e+02  [-67 4.064e-04 7.924e-07 9.694e-07]  [44 -138 73]
 NS 131-1  1.817e+02  [0 1.000e+00 1.383e-03 8.907e-08]  [46 -162 66]
 NS 131-2  1.820e+02  [-49 3.538e-03 4.893e-06 5.227e-07]  [45 -145 76]
 NS 131-3s 1.823e+02  [-70 2.944e-04 4.072e-07 3.597e-07]  [46 -148 74]
 NS 132-1  1.826e+02  [0 1.000e+00 1.007e-03 8.518e-07]  [43 -140 65]
 NS 132-2  1.830e+02  [-51 2.722e-03 2.740e-06 3.360e-07]  [46 -149 72]
 NS 132-3s 1.833e+02  [-74 1.910e-04 1.922e-07 6.853e-07]  [46 -142 76]
 NS 133-1  1.836e+02  [0 1.000e+00 6.624e-04 8.759e-07]  [41 -139 64]
 NS 133-2  1.839e+02  [-52 2.409e-03 1.596e-06 2.167e-07]  [47 -153 75]
 NS 133-3s 1.842e+02  [-79 1.097e-04 7.267e-08 9.711e-07]  [44 -138 74]
 NS 134-1  1.845e+02  [0 1.000e+00 3.388e-04 9.465e-07]  [41 -139 64]
 NS 134-2s 1.848e+02  [-51 2.792e-03 9.458e-07 3.530e-07]  [46 -149 76]
 NS 135-1  1.852e+02  [0 1.000e+00 1.076e-04 6.523e-07]  [45 -142 69]
 NS 135-2s 1.855e+02  [-41 8.021e-03 8.632e-07 5.480e-07]  [45 -144 74]
 NS 136-1  1.858e+02  [0 1.000e+00 2.002e-04 8.888e-07]  [44 -139 67]
 NS 136-2s 1.861e+02  [-46 4.745e-03 9.499e-07 2.736e-07]  [47 -151 75]
 NS 137-1  1.865e+02  [0 1.000e+00 4.337e-04 6.571e-07]  [43 -142 72]
 NS 137-2  1.868e+02  [-51 2.647e-03 1.148e-06 2.290e-07]  [47 -153 78]
 NS 137-3s 1.872e+02  [-75 1.610e-04 6.983e-08 8.198e-07]  [47 -140 80]
 NS 138-1  1.875e+02  [0 1.000e+00 6.245e-04 2.865e-07]  [45 -151 68]
 NS 138-2  1.878e+02  [-52 2.498e-03 1.560e-06 2.677e-07]  [46 -151 76]
 NS 138-3s 1.882e+02  [-73 2.076e-04 1.296e-07 6.380e-07]  [46 -143 69]
 NS 139-1  1.885e+02  [0 1.000e+00 7.724e-04 3.528e-07]  [45 -149 66]
 NS 139-2  1.888e+02  [-53 2.157e-03 1.666e-06 2.408e-07]  [46 -152 77]
 NS 139-3s 1.891e+02  [-72 2.239e-04 1.730e-07 5.095e-07]  [47 -145 74]
 NS 140-1  1.894e+02  [0 1.000e+00 7.843e-04 9.323e-07]  [40 -139 66]
 NS 140-2  1.897e+02  [-54 1.842e-03 1.445e-06 2.783e-07]  [46 -151 76]
 NS 140-3s 1.901e+02  [-73 2.135e-04 1.675e-07 7.708e-07]  [47 -141 76]
 NS 141-1  1.904e+02  [0 1.000e+00 7.118e-04 9.885e-07]  [45 -138 69]
 NS 141-2  1.907e+02  [-55 1.777e-03 1.265e-06 5.700e-07]  [47 -144 77]
 NS 141-3s 1.911e+02  [-75 1.664e-04 1.184e-07 3.717e-07]  [47 -148 77]
 NS 142-1  1.915e+02  [0 1.000e+00 5.233e-04 1.298e-07]  [46 -159 66]
 NS 142-2  1.918e+02  [-50 3.013e-03 1.576e-06 2.828e-07]  [47 -151 72]
 NS 142-3s 1.921e+02  [-79 1.083e-04 5.669e-08 7.793e-07]  [43 -141 75]
 NS 143-1  1.925e+02  [0 1.000e+00 2.727e-04 3.622e-07]  [46 -148 70]
 NS 143-2  1.928e+02  [-43 6.915e-03 1.886e-06 4.640e-07]  [47 -146 78]
 NS 143-3s 1.931e+02  [-78 1.158e-04 3.157e-08 7.930e-07]  [45 -140 73]
 NS 144-1  1.934e+02  [0 1.000e+00 4.958e-05 6.215e-07]  [46 -143 70]
 NS 144-2  1.938e+02  [-29 3.442e-02 1.706e-06 5.562e-07]  [46 -144 74]
 NS 144-3s 1.941e+02  [-64 5.749e-04 2.850e-08 8.330e-07]  [44 -140 73]
 NS 145-1  1.944e+02  [0 1.000e+00 2.539e-04 6.846e-07]  [44 -142 68]
 NS 145-2  1.947e+02  [-45 5.599e-03 1.422e-06 5.388e-07]  [46 -144 74]
 NS 145-3s 1.951e+02  [-76 1.486e-04 3.774e-08 6.714e-07]  [44 -142 74]
 NS 146-1  1.954e+02  [0 1.000e+00 4.611e-04 4.813e-07]  [45 -145 67]
 NS 146-2s 1.957e+02  [-54 1.919e-03 8.848e-07 7.225e-07]  [45 -141 72]
 NS 147-1  1.960e+02  [0 1.000e+00 5.445e-04 7.742e-07]  [42 -141 65]
 NS 147-2s 1.964e+02  [-56 1.445e-03 7.871e-07 9.622e-07]  [45 -139 73]
 NS 148-1  1.967e+02  [0 1.000e+00 5.867e-04 7.621e-07]  [42 -141 67]
 NS 148-2s 1.971e+02  [-56 1.446e-03 8.482e-07 3.141e-07]  [47 -150 73]
 NS 149-1  1.976e+02  [0 1.000e+00 5.608e-04 8.498e-08]  [46 -163 80]
 NS 149-2s 1.979e+02  [-56 1.516e-03 8.504e-07 2.535e-07]  [47 -152 73]
 NS 150-1  1.983e+02  [0 1.000e+00 4.957e-04 4.743e-07]  [45 -146 68]
 NS 150-2s 1.986e+02  [-56 1.435e-03 7.115e-07 9.811e-07]  [47 -138 75]
 NS 151-1  1.989e+02  [0 1.000e+00 4.668e-04 3.819e-07]  [45 -148 67]
 NS 151-2s 1.993e+02  [-57 1.297e-03 6.057e-07 2.608e-07]  [47 -152 74]
 NS 152-1  1.996e+02  [0 1.000e+00 4.190e-04 3.097e-07]  [45 -150 67]
 NS 152-2s 1.999e+02  [-58 1.243e-03 5.208e-07 5.733e-07]  [46 -144 75]
 NS 153-1  2.003e+02  [0 1.000e+00 4.082e-04 2.808e-07]  [45 -151 67]
 NS 153-2s 2.006e+02  [-58 1.186e-03 4.842e-07 5.079e-07]  [46 -145 76]
 NS 154-1  2.010e+02  [0 1.000e+00 4.051e-04 6.557e-07]  [43 -142 64]
 NS 154-2s 2.013e+02  [-58 1.154e-03 4.675e-07 4.357e-07]  [46 -146 75]
 NS 155-1  2.016e+02  [0 1.000e+00 3.676e-04 4.674e-07]  [43 -146 66]
 NS 155-2s 2.019e+02  [-58 1.133e-03 4.166e-07 3.329e-07]  [46 -149 75]
 NS 156-1  2.023e+02  [0 1.000e+00 3.306e-04 5.359e-07]  [42 -144 65]
 NS 156-2s 2.026e+02  [-59 1.031e-03 3.409e-07 6.429e-07]  [45 -143 73]
 NS 157-1  2.029e+02  [0 1.000e+00 2.458e-04 8.512e-07]  [41 -140 66]
 NS 157-2s 2.033e+02  [-59 1.094e-03 2.688e-07 4.658e-07]  [46 -146 77]
 NS 158-1  2.050e+02  [0 1.000e+00 1.409e-04 7.682e-07]  [43 -141 74]
 NS 158-2s 2.060e+02  [-57 1.334e-03 1.880e-07 5.909e-07]  [46 -143 55]
 NS 159-1  2.063e+02  [0 1.000e+00 5.847e-05 8.862e-07]  [44 -139 68]
 NS 159-2s 2.066e+02  [-51 2.535e-03 1.482e-07 9.150e-07]  [45 -139 73]
 NS 160-1  2.080e+02  [0 1.000e+00 2.160e-05 6.649e-07]  [45 -142 80]
 NS 160-2s 2.084e+02  [-49 3.483e-03 7.524e-08 4.438e-07]  [47 -146 75]
 NS 161-1  2.087e+02  [0 1.000e+00 3.449e-05 8.314e-07]  [44 -140 68]
 NS 161-2s 2.091e+02  [-56 1.432e-03 4.938e-08 7.569e-07]  [46 -141 75]
 NS 162-1  2.094e+02  [0 1.000e+00 1.443e-05 2.908e-07]  [49 -151 69]
 NS 162-2s 2.098e+02  [-42 7.491e-03 1.081e-07 5.055e-07]  [47 -145 75]
 NS 163-1  2.101e+02  [0 1.000e+00 7.773e-05 7.451e-07]  [45 -141 68]
 NS 163-2s 2.104e+02  [-54 1.980e-03 1.539e-07 5.478e-07]  [47 -144 74]
 NS 164-1  2.108e+02  [0 1.000e+00 1.789e-04 8.710e-07]  [43 -140 67]
 NS 164-2s 2.111e+02  [-60 9.127e-04 1.633e-07 9.222e-07]  [45 -139 73]
 NS 165-1  2.114e+02  [0 1.000e+00 2.428e-04 8.062e-07]  [43 -140 67]
 NS 165-2s 2.117e+02  [-61 8.005e-04 1.943e-07 9.300e-07]  [46 -139 74]
 NS 166-1  2.120e+02  [0 1.000e+00 2.560e-04 4.862e-07]  [45 -145 67]
 NS 166-2s 2.124e+02  [-61 7.976e-04 2.042e-07 7.227e-07]  [45 -141 73]
 NS 167-1  2.127e+02  [0 1.000e+00 2.246e-04 8.791e-07]  [43 -139 67]
 NS 167-2s 2.130e+02  [-63 6.442e-04 1.447e-07 6.694e-07]  [47 -142 75]
 NS 168-1  2.134e+02  [0 1.000e+00 1.210e-04 5.047e-07]  [46 -145 69]
 NS 168-2s 2.137e+02  [-62 7.329e-04 8.868e-08 9.314e-07]  [46 -139 72]
 NS 169-1  2.141e+02  [0 1.000e+00 1.742e-05 9.110e-07]  [50 -139 70]
 NS 169-2s 2.144e+02  [-47 4.149e-03 7.228e-08 8.942e-07]  [47 -139 77]
 NS 170-1  2.147e+02  [0 1.000e+00 9.654e-05 7.034e-07]  [45 -142 66]
 NS 170-2s 2.150e+02  [-61 8.774e-04 8.471e-08 8.840e-07]  [46 -139 74]
 NS 171-1  2.154e+02  [0 1.000e+00 1.635e-04 5.296e-07]  [45 -145 68]
 NS 171-2s 2.157e+02  [-65 5.021e-04 8.208e-08 5.251e-07]  [46 -145 75]
 NS 172-1  2.160e+02  [0 1.000e+00 1.415e-04 8.455e-07]  [43 -140 67]
 NS 172-2s 2.164e+02  [-65 5.039e-04 7.130e-08 8.862e-07]  [46 -139 77]
 NS 173-1  2.167e+02  [0 1.000e+00 6.636e-05 6.608e-07]  [46 -142 68]
 NS 173-2s 2.170e+02  [-56 1.569e-03 1.042e-07 6.737e-07]  [48 -142 74]
 NS 174-1  2.174e+02  [0 1.000e+00 3.962e-05 3.973e-07]  [48 -147 66]
 NS 174-2s 2.177e+02  [-50 3.145e-03 1.246e-07 6.661e-07]  [46 -142 75]
 NS 175-1  2.181e+02  [0 1.000e+00 1.548e-04 4.098e-07]  [45 -147 68]
 NS 175-2s 2.184e+02  [-63 6.533e-04 1.012e-07 6.169e-07]  [45 -143 75]
 NS 176-1  2.187e+02  [0 1.000e+00 1.904e-04 4.497e-07]  [45 -146 68]
 NS 176-2s 2.191e+02  [-64 5.946e-04 1.132e-07 8.861e-07]  [46 -139 77]
 NS 177-1  2.194e+02  [0 1.000e+00 1.693e-04 7.486e-07]  [44 -141 68]
 NS 177-2s 2.198e+02  [-66 4.848e-04 8.209e-08 5.462e-07]  [47 -144 74]
 NS 178-1  2.201e+02  [0 1.000e+00 8.325e-05 6.718e-07]  [46 -142 67]
 NS 178-2s 2.204e+02  [-61 8.263e-04 6.879e-08 6.495e-07]  [48 -142 74]
 NS 179-1  2.208e+02  [0 1.000e+00 7.771e-05 8.480e-07]  [47 -140 68]
 NS 179-2s 2.211e+02  [-58 1.196e-03 9.298e-08 9.198e-07]  [46 -139 73]
 NS 180-1  2.215e+02  [0 1.000e+00 1.889e-04 6.689e-07]  [45 -142 63]
 NS 180-2s 2.218e+02  [-61 8.666e-04 1.637e-07 7.382e-07]  [46 -141 74]
 NS 181-1  2.222e+02  [0 1.000e+00 2.411e-04 5.288e-07]  [45 -145 67]
 NS 181-2s 2.225e+02  [-62 7.206e-04 1.738e-07 7.734e-07]  [44 -141 72]
 NS 182-1  2.228e+02  [0 1.000e+00 2.021e-04 8.244e-07]  [44 -140 67]
 NS 182-2s 2.231e+02  [-61 8.207e-04 1.659e-07 6.870e-07]  [46 -142 75]
 NS 183-1  2.235e+02  [0 1.000e+00 3.494e-05 3.094e-07]  [50 -150 69]
 NS 183-2s 2.238e+02  [-42 7.244e-03 2.531e-07 8.422e-07]  [46 -140 74]
 NS 184-1  2.241e+02  [0 1.000e+00 2.109e-04 6.974e-07]  [45 -142 67]
 NS 184-2s 2.245e+02  [-56 1.507e-03 3.179e-07 8.748e-07]  [45 -139 74]
 NS 185-1  2.248e+02  [0 1.000e+00 4.279e-04 5.419e-07]  [45 -144 67]
 NS 185-2s 2.251e+02  [-55 1.596e-03 6.831e-07 4.403e-07]  [45 -146 73]
 NS 186-1  2.255e+02  [0 1.000e+00 5.128e-04 9.588e-07]  [44 -139 67]
 NS 186-2s 2.258e+02  [-57 1.300e-03 6.667e-07 6.358e-07]  [45 -143 74]
 NS 187-1  2.261e+02  [0 1.000e+00 3.210e-04 7.417e-07]  [46 -141 68]
 NS 187-2s 2.264e+02  [-58 1.219e-03 3.913e-07 6.825e-07]  [45 -142 75]
 NS 188-1  2.268e+02  [0 1.000e+00 2.216e-04 9.274e-07]  [47 -139 69]
 NS 188-2  2.271e+02  [-46 4.566e-03 1.012e-06 7.154e-07]  [48 -142 78]
 NS 188-3s 2.275e+02  [-99 1.018e-05 2.255e-09 3.783e-07]  [48 -148 74]
 NS 189-1  2.278e+02  [0 1.000e+00 1.071e-03 8.578e-07]  [47 -140 67]
 NS 189-2  2.281e+02  [-42 7.441e-03 7.971e-06 6.866e-07]  [45 -142 75]
 NS 189-3s 2.284e+02  [-73 2.004e-04 2.147e-07 7.935e-07]  [45 -140 72]
 NS 190-1  2.288e+02  [0 1.000e+00 2.346e-03 3.712e-07]  [45 -148 68]
 NS 190-2  2.291e+02  [-39 1.091e-02 2.558e-05 9.844e-07]  [44 -138 76]
 NS 190-3  2.294e+02  [-61 8.582e-04 2.013e-06 9.829e-07]  [43 -138 78]
 NS 190-4s 2.297e+02  [-95 1.645e-05 3.860e-08 4.140e-07]  [44 -147 75]
 NS 191-1  2.301e+02  [0 1.000e+00 3.769e-03 6.193e-07]  [44 -143 68]
 NS 191-2  2.304e+02  [-36 1.413e-02 5.326e-05 7.021e-07]  [47 -142 77]
 NS 191-3  2.307e+02  [-55 1.759e-03 6.629e-06 7.414e-07]  [48 -141 77]
 NS 191-4s 2.311e+02  [-82 7.096e-05 2.674e-07 5.180e-07]  [44 -145 74]
 NS 192-1  2.314e+02  [0 1.000e+00 5.526e-03 3.858e-07]  [47 -148 67]
 NS 192-2  2.318e+02  [-36 1.429e-02 7.895e-05 2.462e-07]  [49 -152 77]
 NS 192-3  2.321e+02  [-53 2.166e-03 1.197e-05 7.658e-07]  [46 -141 75]
 NS 192-4s 2.324e+02  [-78 1.153e-04 6.369e-07 3.167e-07]  [49 -150 75]
